zone.home:
  latitude: 10.804931640625
  longitude: 106.64071579058813
  radius: 50
